29
10610,41.171295166015625,-8.612815856933594,18
10615,21,3,22,highway,traffic_signals
10918,78.17283630371094,-8.6128568649292,21,crossing:island,no,highway,crossing,crossing,marked
10921,71,29,29,highway,crossing,crossing,marked
11863,98,5,15
11864,-32,-8.608461380004883,16
17092,41.173892974853516,2,19,bus,yes,name,CI31,public_transport,stop_position
17714,39,39,25
34913,1,2,23
46688,4,10,17
58447,52.340,43.43,13
58449,12.432,-1.32,14
60429,49.132,9.23,0,highway,crossing,crossing,uncontrolled
60436,93.213,4.31,1
60437,102,-134,2
60439,3,-8.612933158874512,3
60441,14.321,45.31,4
60443,22,-22,5
60446,11,-11,6,highway,traffic_signals
64067,43.134,12,7
64068,4.787313431245,-8.611124038696289,8
64070,4321.4832,-8.611310958862305,9
64071,213.3213,32.13213432173,10
64072,32.313,43.23134,11
66335,71.231,-32.321,12,highway,traffic_signals
76398,32.4321,-8.613121032714844,20,bus,yes,name,CI32,public_transport,stop_position
78314,76,32.321,26,crossing:island,yes,highway,crossing,crossing,marked
87683,4.54321,-8.610381126403809,27
90531,9.32133,-8.61037826538086,28,highway,crossing,crossing,marked
90532,13.321312,-8.609466552734375,24,highway,crossing,crossing,marked
